anise             2822   1639    830    891    367   2148    505    967    971   2181      6   1713   1864    309    554   1984   3768   1301    903   2793    954   1199    325   1482   2914    604   1099   2499   3527   1483    584     94     42    287   2028    409    742    469   1119   2067   1906    106   3388    892   2432    601   1285   1182    560   2892    273    252   2425   1599    427   1476   1511    182    717   1730 
apricot           2917   1650    885    945    375   2175    537    986    975   2191      7   1747   1866    282    589   1954   3976   1325    880   2673   1026   1175    295   1396   2858    634   1061   2583   3586   1501    563     85     38    292   2078    394    659    531   1117   1978   1915    120   3453    914   2512    610   1358   1227    594   2919    301    233   2412   1568    445   1479   1463    184    680   1788 
artichoke          254    347    496    767    109    695    625    676   1139    107   1835   1326    147      3    158    852     58    557   1129    555    112    907   1762    234     97    106    352      4    159    125    199   2546    628    509    623    792    258    190   1003    326    687    275    244    718    360    252    599    452    142     59    764    354    901   1647   1020    858    991    315    473    439 
arugula           1786   1058    575    605    228   1517    342    678    629   1524      5   1132   1194    193    343   1238   2594    823    607   1845    712    767    221    979   1886    443    689   1651   2374    912    406     58     17    212   1372    256    466    260    776   1432   1350     78   2197    621   1584    401    867    796    388   1926    173    142   1664   1068    304    939   1000    134    424   1164 
asparagus         1345   1606   2591   3845    547   3241   3061   3657   5839    633   9207   6588    944      8    742   4305    228   2726   6146   2967    534   4779   8960   1120    582    529   1781     14    898    602   1023  12708   3088   2561   3094   4159   1161    820   4956   1635   3521   1472   1176   3589   1825   1345   3239   2136    631    326   3792   1725   4780   8285   5392   4283   4812   1687   2261   2289 
avocado            355   1125   1504    504   2042    601    649   1048    748   1281    138     71    737    436   1295    464    181    310    453     59   1859    932    299    971     97   1902   1170    475    279     52   2164    134    923   1943   1039   1675    746    804    875    899     46   1660    222   1061    562   1524    239    140    712    480    273    508    527     63     68   1025    289   2387   1281    119 
banana            1189   1433   2237   3319    488   2894   2764   2988   5150    550   7857   5839    830      5    689   3737    206   2342   5284   2505    513   4182   7583    924    517    450   1630      7    794    493    873  10894   2621   2202   2658   3552   1079    725   4185   1429   3084   1288   1040   3000   1596   1173   2852   1885    537    304   3305   1497   4234   7323   4590   3700   4266   1428   1999   1930 
basil              453   1401   1812    594   2396    736    797   1326    896   1572    167     95    909    492   1468    569    232    404    591     82   2198   1150    422   1192     96   2275   1366    590    335     64   2664    154   1122   2409   1226   2049    879    954   1006   1134     54   2028    245   1195    693   1707    268    182    806    628    372    644    640     65     62   1230    319   2821   1590    144 
beet              2257    876   1210   3709   2003    393   3621   1448   1153    266   1252    305   2201   6199   3040   1764     98   3684   1460   1339   2129    546    467   2178   3380   1226   2046   2494      8   4796   1431    220   3435   1170    398    947   4843   4942    220    798   1855   2336   1722   2283    609   2810   4067   3705   4783   1112   3662   4579     62    254   3503    574   1304   1483   1580   2779 
blackberry         675   2095   2954    872   3741   1206   1217   2074   1532   2436    261    161   1442    834   2299    844    355    614    918    126   3538   1815    577   1838    186   3603   2085    863    465     84   4124    223   1704   3744   2012   3143   1403   1561   1571   1717     77   3185    459   1977   1044   2819    464    260   1309    944    537   1010    942    131    125   1940    508   4481   2566    232 
blueberry         1592    843    513    478    185   1257    275    562    543   1265      5   1009   1009    161    304   1004   2203    732    535   1525    579    662    191    810   1599    336    628   1409   2057    867    316     51      9    182   1199    194    368    230    635   1246   1038     69   1854    541   1436    312    750    688    326   1661    156    118   1371    812    280    836    843     96    349   1005 
broccoli           459    545    827   1296    189   1169   1071   1177   2069    191   3188   2416    299      2    268   1520     68    969   2033   1037    191   1619   2958    368    193    191    626      4    278    190    314   4290   1074    903    981   1311    445    277   1819    561   1147    525    398   1208    626    423   1126    736    215    105   1252    590   1582   2773   1805   1511   1658    571    835    804 
butternut          237    812   1014    334   1260    394    468    718    528    845     81     69    501    309    826    305    144    219    330     43   1290    669    184    668     69   1242    733    291    182     34   1456     90    618   1360    695   1131    543    549    588    627     34   1091    148    672    381    939    155    112    458    373    193    345    367     44     47    722    186   1577    904     92 
cabbage            105    435    533    197    753    206    232    379    254    473     54     24    289    172    471    158     67    116    192     18    661    371    100    387     29    652    372    180     96     15    770     59    320    680    361    620    253    301    282    332     26    599     77    392    172    508     64     57    256    171    120    210    175     22     24    370     84    863    534     50 
cantaloupe          21     69     84     23    104     29     32     60     42     97      3      4     43     22     85     22     10     16     31      3    127     58     16     54      6    103     48     27     15      1    110      7     53    119     54     83     50     54     42     58      5     92     13     60     21     89      7      9     44     35     26     31     25      3      6     56     11    129     67      9 
caraway            837   1010   1589   2371    344   2164   2086   2168   3728    415   5733   4242    564     10    526   2699    153   1754   3852   1850    328   2932   5599    712    331    366   1072      6    553    374    641   8063   1964   1548   1931   2541    813    523   3183   1027   2189    994    732   2245   1103    833   2007   1335    416    217   2423   1159   3067   5290   3338   2634   3020   1077   1466   1405 
carrot             336   1124   1619    512   2003    619    657   1118    770   1318    139     81    797    444   1200    477    163    327    461     63   1820    977    340   1001    103   1916   1211    478    259     66   2203    135    928   1967   1044   1737    723    824    855    879     55   1798    205   1022    558   1482    204    129    679    523    328    555    507     82     44   1125    248   2425   1299    145 
cauliflower        126    158    221    307     46    310    246    351    562     59    839    622     93      1     84    439     25    259    536    282     51    452    809     99     58     55    151      0     73     69     99   1157    278    244    254    355    120     88    453    154    338    145    108    337    172    123    296    211     48     43    351    165    451    746    508    397    469    163    175    215 
cayenne           2845   1532    810    942    338   2217    542    968    929   2220     10   1690   1894    307    581   1930   3907   1296    939   2747    996   1099    319   1383   2765    642   1038   2540   3662   1372    571    104     45    325   2001    390    737    461   1148   2180   1972    105   3275    916   2494    622   1293   1237    600   2881    310    247   2483   1539    445   1492   1516    200    692   1746 
celery             326    357    567    938    117    786    731    849   1390    134   2130   1549    198      3    166   1069     62    602   1468    688    128   1139   2087    253    139    116    397      6    218    163    238   3024    712    607    697    998    293    194   1164    380    791    336    238    818    486    305    757    513    140     94    848    425   1171   1968   1316    986   1147    406    542    534 
chard              194    252    373    549     79    499    494    521    926     80   1396   1034    155      1    131    646     42    453    986    444     92    700   1322    162     77     87    249      4    138     92    144   2012    504    400    460    611    164    148    751    271    527    236    179    536    289    197    502    342    112     46    559    261    750   1198    758    621    748    266    367    345 
cherry             115    330    412    152    592    203    169    330    235    370     50     20    188    138    342    137     64    105    154     20    525    277    112    306     32    589    291    103     75     17    648     38    265    578    296    505    224    247    230    295     12    505     54    298    155    434     68     53    198    145     85    177    146     27     14    283     76    674    401     35 
chestnut           791   2491   3540   1153   4547   1377   1390   2431   1773   2894    325    180   1687    987   2757   1017    456    740   1098    157   4197   2228    705   2207    251   4317   2524   1056    565    133   4939    287   2097   4426   2349   3875   1725   1835   1838   2039    104   3709    547   2371   1227   3294    524    306   1468   1052    642   1165   1146    144    129   2281    594   5485   3010    263 
chickpea           430   1254   1866    600   2404    736    763   1303    930   1478    150    109    850    535   1438    552    224    366    565     73   2213   1179    381   1188    114   2204   1333    538    294     74   2575    153   1093   2320   1216   1988    960    968    997   1107     55   2035    281   1228    657   1664    297    156    797    572    357    647    597     76     64   1208    346   2802   1607    185 
cilantro             9     42     39     12     53     11     17     26     22     27      4      1     13      7     31     12      5      5      8      3     34     15      7     26      2     49     34      9      9      2     45      4     16     45     20     39     18     19     22     27      1     31      3     20     10     40      9      4     25     11      6     16     12      1      1     22      7     63     31      2 
clementine         110    326    396    140    502    165    161    262    186    324     40     34    160    109    307    127     56     88    125     17    527    250     83    221     24    478    255    115     68     11    593     31    249    515    275    441    186    215    231    257     17    438     65    296    139    379     56     42    191    124     85    161    134     21     20    245     72    562    334     23 
coconut            547   1833   2424    795   3147    994   1033   1730   1209   2100    199    115   1225    702   1995    712    295    489    802     92   2973   1579    479   1476    139   3085   1803    738    424     90   3458    181   1420   3190   1664   2770   1240   1265   1296   1413    111   2643    376   1678    917   2424    372    197   1094    769    474    850    830    116     86   1652    449   3827   2147    198 
coriander         1698    665    933   2953   1561    315   2805   1067    868    206    954    213   1747   4731   2384   1433     81   2816   1130    973   1629    452    366   1580   2696    890   1445   1967      5   3745   1138    173   2597    873    345    617   3679   3768    180    667   1409   1827   1268   1811    426   2144   3041   2941   3642    830   2924   3513     56    201   2613    434    986   1071   1156   2176 
cranberry          302    159    103     83     46    249     50     88    115    247      1    196    195     31     61    200    421    141     97    280    107    133     53    144    300     76    135    279    367    167     54      5      2     32    225     42     70     54    109    217    209     11    367     95    254     69    157    132     56    311     26     31    250    172     49    183    149     18     53    185 
cucumber            55    136    177     54    239     66     82    123     97    138     13      9     94     61    154     46     17     34     59      5    216    108     39    123     14    211    142     54     31      9    264     17    123    238    124    199     83    109    109    107     10    181     27    124     62    175     27     12     83     65     38     64     59     10      8    139     38    281    165      9 
currant           5159   2596   1844   3267   1744   3259   2777   1994   1887   3068    749   2492   3622   4100   2504   3432   5081   3872   2008   4360   2462   1875    658   3007   5775   1640   2566   4890   4724   4878   1615    250   2059   1077   2980    991   3742   3422   1628   3231   3532   1526   5287   2573   3550   2469   4041   3883   3636   4499   2721   3071   3178   2285   2643   2298   2659   1039   1849   3775 
eggplant           199    646    815    287   1094    327    374    576    393    663     59     60    382    263    670    246    109    182    274     25   1071    561    155    545     48   1026    619    252    151     21   1193     76    521   1150    583    931    420    416    452    521     30    887    150    591    282    766    116     77    366    262    144    295    304     27     33    575    138   1267    722     64 
elderberry        5984   3287   1709   1879    757   4706   1078   1970   2000   4562     15   3530   3846    582   1191   4052   8110   2667   1949   5638   2125   2442    657   2901   6101   1344   2263   5381   7654   3044   1247    185     87    651   4252    794   1477    989   2374   4307   4039    241   6944   1903   5185   1361   2733   2618   1243   6042    614    484   5194   3193    895   3210   3009    392   1392   3740 
endive              80    187    247     72    294    108    102    194    125    192     18     15    124     68    235     83     27     59     89     11    279    167     61    137     11    325    173     75     42      9    365     18    150    322    152    280    136    136    144    123     11    277     38    189    105    259     47     17    117     80     37     84     98      9     12    194     47    406    212     16 
fennel            4486   2406   1675   2959   1480   2809   2502   1811   1666   2711    598   2212   3358   3440   2157   3099   4536   3361   1767   3920   2267   1612    609   2722   4987   1356   2318   4133   4193   4136   1432    202   1773    945   2677    881   3316   3050   1390   2813   3153   1356   4714   2254   3223   2128   3648   3385   3156   3928   2316   2469   2881   2030   2235   2080   2344    891   1526   3512 
fig               9912   5280   3402   4570   2138   7124   3450   3571   3518   6897    646   5511   6758   4087   3250   6642  11984   5756   3581   8931   4213   3929   1142   5326  10556   2614   4427   8912  11177   6921   2531    355   1856   1552   6548   1663   4570   3821   3622   6909   7030   1500  11185   3959   7874   3242   6147   5698   4163   9525   2719   2916   7475   4881   3158   4851   5240   1316   2863   6833 
garlic            1142    407    561   1830    981    174   1711    670    539    134    547    136   1073   2917   1476    849     41   1784    675    598    981    234    193   1009   1681    595    937   1216      4   2365    669    102   1573    572    188    399   2266   2320     98    395    888   1134    846   1130    271   1304   1829   1809   2240    554   1820   2191     45     92   1615    292    606    630    777   1325 
ginger             754    875   1339   2049    285   1779   1714   1951   3194    346   4849   3698    522      3    437   2324    111   1446   3318   1574    300   2532   4714    623    298    312    933      8    459    285    524   6759   1633   1354   1662   2216    625    450   2602    940   1815    843    654   1918    965    675   1698   1130    344    195   2042    952   2627   4479   2940   2279   2534    966   1149   1222 
gooseberry        2351   1282    764    731    293   1764    402    806    831   1777      2   1403   1533    250    446   1507   3236   1069    717   2225    868    933    229   1180   2343    528    831   2112   2855   1171    488     75     29    261   1762    324    582    381    918   1680   1554     92   2777    711   2023    516   1048    993    494   2470    259    177   2044   1273    401   1311   1192    159    611   1425 
grape              397   1325   1662    547   2249    654    739   1216    869   1400    162     96    833    490   1403    548    206    376    583     81   2037   1065    394   1144     98   2168   1218    478    281     55   2417    135   1079   2209   1135   1789    848    893    887   1112     47   1865    249   1169    619   1572    244    180    767    556    338    612    538     62     72   1180    307   2748   1439    139 
grapefruit          86    198    290     95    361    115    109    190    134    221     15     18    116     92    220     82     37     49     79     15    324    194     63    176     13    352    173     71     48     14    376     18    165    357    173    283    140    157    133    158      7    348     48    168     86    236     31     28    107     74     44     95     93     16     11    159     51    444    235     26 
guava              856   2807   3700   1184   4873   1524   1648   2498   1877   3127    311    228   1832   1047   3017   1192    483    787   1216    166   4554   2341    731   2413    224   4729   2730   1105    659    129   5200    289   2214   4914   2583   4128   1872   1962   2037   2356    144   4175    584   2612   1369   3588    567    342   1728   1181    721   1376   1252    179    147   2449    640   5833   3330    297 
honeydew           168    624    804    245   1077    362    324    598    418    661     74     40    402    253    652    262    112    155    275     24    975    498    167    535     35    989    614    227    129     26   1169     67    491   1044    526    948    420    406    452    473     24    922    119    568    314    776    115     72    405    245    153    315    242     44     30    555    150   1267    694     75 
horseradish        102    292    425    145    591    152    178    302    240    376     29     10    203    123    318    150     51     96    135     15    490    304     83    247     26    552    321    123     86     14    586     33    244    597    279    476    214    231    254    258     11    503     84    311    140    401     57     42    186    127     96    140    168     15     17    294     71    667    388     35 
huckleberry        445    153    249    712    375     83    692    250    209     54    237     54    417   1228    567    366     20    699    291    237    387     98     79    368    622    227    367    522      0    928    309     42    679    203     68    149    922    974     47    150    323    431    313    460     95    522    799    727    900    204    694    868     15     57    607    113    256    243    318    547 
juniper            575    236    284    908    544     90    872    339    281     60    302     68    531   1505    763    417     22    932    322    297    526    130    120    492    849    275    462    639      5   1259    359     64    838    284    104    246   1144   1226     44    235    462    555    390    610    132    708   1035    972   1255    273    960   1133     19     60    792    133    300    322    417    681 
kiwi               206    742   1057    320   1284    436    397    688    474    787     84     66    476    279    788    298    128    162    304     38   1171    620    200    625     67   1198    705    317    170     36   1363     88    556   1292    674   1036    509    532    504    615     26   1096    134    640    365    950    152     92    418    324    202    358    320     41     39    692    172   1498    860     74 
kohlrabi           126    409    523    153    685    252    229    388    287    433     46     28    272    151    377    176     70    120    183     21    606    355    115    376     28    627    366    160     86     15    750     44    351    696    341    629    280    262    276    316     14    604     81    334    190    500     86     44    254    181     91    199    174     21     25    380     81    828    477     50 
lavender            77     33     55    138     89     16    127     55     31      7     35     12     81    221    126     60      3    127     53     51     83     25     15     78    122     38     78    110      0    185     41      7    140     39     14     39    167    157      5     36     70     93     52     78     13    106    140    134    164     32    123    157      3     11    133     25     49     62     57    100 
leek               486    273    143    156     54    415     97    175    169    390      0    285    333     55     97    321    650    224    166    469    179    195     41    269    479    114    200    444    694    252     89     14      1     55    356     73    110     98    196    369    326     20    607    164    440    117    218    205    114    523     54     46    376    291     80    289    257     27    130    311 
lentil            2096   1170    616    648    242   1611    384    655    683   1595      6   1188   1275    230    389   1316   2880    901    642   1969    739    923    247   1022   1984    463    743   1881   2592   1040    423     52     24    231   1415    247    509    344    861   1506   1382     90   2368    606   1817    392    910    831    409   2112    204    167   1745   1090    331   1141   1083    139    453   1246 
lettuce           1586    585    797   2506   1378    239   2454    978    774    187    832    204   1532   4201   2161   1172     71   2567   1001    906   1446    372    340   1389   2249    814   1306   1759      3   3322    919    146   2345    749    281    549   3238   3237    138    571   1187   1559   1083   1609    365   1861   2788   2534   3254    763   2564   3076     55    182   2394    339    890    914   1069   1892 
lime               894   1047   1614   2454    318   2148   1995   2241   3839    397   5962   4425    574      5    522   2784    182   1731   4002   1769    357   2992   5665    743    406    347   1101      7    566    421    664   8312   1951   1662   1911   2668    782    533   3100   1043   2269    946    740   2376   1204    819   2060   1355    399    217   2471   1149   3114   5408   3396   2759   3188   1094   1475   1497 
maize               13     54     59     19     83     23     22     35     31     63      6      5     26      9     57     14      6     18     12      3     80     37     17     50      4     94     57     24     10      0     76     10     36     76     48     66     33     28     31     43      5     69      5     44     31     62      8      9     27     20     15     25     22      3      1     43     16     89     36      5 
mango              388   1284   1762    567   2327    704    742   1232    913   1504    150    107    806    466   1461    543    226    394    589     80   2080   1116    341   1126    114   2156   1309    506    300     51   2518    141   1069   2283   1200   1885    864    913    909   1072     59   1950    273   1227    580   1685    269    151    758    621    305    613    609     82     81   1183    314   2681   1489    154 
melon             1101    642    332    332    124    858    198    371    374    917      3    657    757     95    225    698   1486    536    375   1062    405    475    114    516   1140    270    368    952   1385    534    208     32     10    101    813    175    282    164    417    834    716     36   1294    372    973    241    549    497    225   1115    123    102    977    671    187    586    571     84    253    642 
mulberry          2389    923   1341   4041   2220    419   3824   1423   1221    316   1289    302   2334   6514   3164   1886    129   3935   1576   1336   2255    557    489   2188   3521   1207   2016   2701      7   5078   1444    254   3530   1183    477    917   4907   5072    239    822   1867   2565   1761   2515    565   3020   4239   3962   4905   1221   4021   4799     74    261   3614    623   1458   1452   1739   3021 
mushroom           380    207    122    139     42    279     68    122    133    290      0    252    242     52     71    226    488    156    129    346    150    168     44    187    397     72    146    345    496    196     88      7      5     39    272     55     97     60    144    296    291     20    449    122    328     88    174    128     78    417     39     23    339    212     58    169    163     16     95    224 
mustard            193    657    856    244   1085    318    315    584    427    659     48     41    408    250    735    268    116    184    282     22   1035    547    179    556     48   1030    614    249    148     18   1191     70    538   1094    600    919    388    432    453    546     27    944    106    575    312    814    111     86    390    257    148    273    258     39     39    548    150   1369    770     75 
nectarine          355    122    195    614    335     64    512    227    183     47    174     43    347    991    494    274     20    626    242    240    315     94     73    344    558    178    301    431      2    788    205     29    535    180     65    143    780    761     33    122    333    398    257    365     90    449    691    564    735    180    611    753      9     36    532     81    222    210    261    415 
okra              8551   4735   2685   2651   1079   6623   1602   2757   2947   6793     17   5174   5586    895   1639   5539  11766   3863   2804   8189   3041   3475    914   4275   8773   1899   3253   7496  10798   4191   1695    273    112    955   6209   1138   2100   1348   3338   6209   5917    314   9865   2705   7310   1792   3839   3593   1739   8858    817    733   7305   4781   1325   4666   4337    528   2046   5197 
olive               13     47     85     24     90     21     36     33     38     59      5      6     34     16     49     19      8     21     22      1    100     54     18     38     10     76     40     22     13      1    107      3     41     80     59     73     31     42     38     41      1     59     18     51     33     73     15      2     36     30     16     22     29      5      1     52     13    113     56      6 
onion                4     21     25     10     31     13     13     14     14     28      1      2     10     17     23      7     10      5     10      1     38     10      6     19      3     35     20      5      1      1     42      0     18     49     18     21     15      9     12     16      2     37      2      5     12     26      2      1      8     10      4      3     11      0      2     19      1     27     21      4 
orange             126    141    265    343     50    315    308    341    572     50    852    624     71      0     72    403     21    263    616    281     67    462    859    107     51     59    164      1     82     45     88   1217    318    255    295    406    102     76    531    157    324    133    108    324    189    149    290    205     55     40    344    182    460    736    532    417    466    147    219    226 
oregano           1509    790    444    479    196   1164    282    480    497   1129      2    858    992    154    301    952   1984    687    454   1381    518    587    137    697   1494    360    549   1307   1923    768    270     42     15    160   1063    188    345    207    617   1078   1017     63   1680    479   1229    339    677    584    280   1451    160    114   1225    762    220    753    777    115    309    907 
papaya             461   1421   1905    613   2463    834    837   1357    994   1564    152    107    965    542   1550    613    269    391    587    102   2303   1190    413   1251    111   2359   1396    567    314     66   2662    160   1153   2469   1243   2164    947   1033   1045   1164     66   2127    278   1265    680   1873    273    198    884    652    357    712    635     90     81   1222    343   2981   1668    132 
parsley            316   1063   1410    462   1789    575    601    896    678   1183    120     75    688    374   1103    444    169    288    469     58   1724    875    277    865     82   1615   1027    398    255     57   2055    122    851   1795    907   1509    671    766    759    879     44   1496    192    908    491   1357    213    124    604    426    288    504    448     70     48    957    261   2106   1188     94 
parsnip            205    274    373    618     79    538    477    543    908    100   1410   1140    154      1    119    640     35    433    965    465     93    764   1389    173    110     84    270      2    138     97    172   2095    482    409    458    652    219    139    751    268    550    228    178    572    302    220    555    332     95     47    618    294    706   1382    853    644    778    279    377    365 
pea                 56    177    262     75    300     96    111    154    120    214     25      8    108     73    167     62     30     37     72      8    313    144     45    133     17    295    154     65     32      7    321     22    127    321    161    276    118    127    129    156     12    251     38    168     96    233     37     23    100     74     49     84     74      7      7    163     38    355    199     11 
peach              332    420    707   1100    125    877    830    942   1590    165   2531   1728    261      2    231   1147     74    726   1656    822    142   1315   2336    296    164    151    452      4    221    140    261   3426    835    704    791   1089    300    245   1360    461    920    390    291    974    496    368    885    544    167    109   1037    473   1290   2265   1469   1157   1336    458    632    660 
pear               225     87    100    329    203     32    329    142    109     26     96     30    190    578    272    174     10    350    132    134    205     46     42    180    299    117    209    270      1    431    112     11    307    121     28     77    424    443     24     77    149    232    161    215     58    238    369    303    412    101    336    422      4     22    316     56    122    136    142    248 
pepper             287    856   1250    388   1609    512    548    907    586   1006    134     73    580    346    974    346    151    238    376     57   1488    771    236    771     77   1513    888    375    198     37   1645    108    752   1633    816   1323    585    619    674    743     40   1333    165    861    427   1190    177     96    509    348    232    439    412     58     51    831    227   1906   1064    114 
persimmon          473    202    247    786    437     97    737    332    205     47    258     60    468   1221    609    337     21    787    297    267    422    102    104    405    751    248    435    546      3   1019    277     33    746    220     78    161    953   1014     43    157    359    461    353    482     95    584    793    804   1010    221    803    950     16     35    698    111    263    290    355    590 
pineapple         1003   3221   4345   1427   5582   1740   1934   3001   2229   3670    379    252   2140   1239   3471   1299    582    950   1432    184   5292   2797    870   2843    254   5316   3278   1300    747    136   6122    381   2667   5657   3041   4785   2197   2325   2369   2673    126   4937    672   3050   1635   4299    655    414   1952   1414    881   1545   1488    175    178   2978    732   6984   3770    360 
plantain            85    101    152    257     34    222    189    215    402     45    596    436     56      1     50    257     17    171    392    203     36    282    580     64     51     37    109      0     59     38     52    801    202    179    186    274     64     62    293    108    225    115     66    215    130     80    179    147     48     28    242    135    294    519    341    277    305    110    162    151 
plum                32      9     20     69     24      3     50     24     18      4     18      5     33    107     46     31      1     55     20     23     35      6      2     44     53     13     26     26      0     79     29      2     62     15      4     16     70     72      1      9     44     40     26     38      7     40     65     52     76     12     58     57      0      0     62     14      5     29     34     52 
pomegranate        334    436    614    965    131    843    843    887   1510    165   2358   1706    238      2    185   1052     71    660   1593    725    127   1183   2231    279    145    124    484      6    212    146    258   3232    783    670    787    985    301    191   1254    397    936    352    279    914    467    342    812    537    169     81    964    480   1257   2088   1368   1047   1246    421    572    555 
potato             175    431    644    228    846    259    287    452    324    479     51     46    309    183    480    206     83    143    209     24    815    384    125    400     41    784    475    186    107     21    870     51    383    888    433    704    291    329    347    345     20    725     88    462    231    596    108     52    266    178    116    205    222     26     31    445    102    927    558     61 
pumpkin            375   1235   1665    527   2151    668    726   1194    866   1410    148     98    858    464   1343    556    199    366    531     82   2120   1049    331   1069     89   2100   1222    517    270     44   2389    157   1039   2160   1074   1850    827    879    970   1068     50   1827    279   1131    610   1639    229    165    715    559    338    630    573     67     66   1173    293   2576   1465    156 
quince              53    185    242     66    275     81    110    171    119    198     24      9    113     77    179     65     26     46     65     10    266    136     65    148     16    277    172     77     31     12    323     19    138    291    155    240    109    110    136    132      7    217     49    157     99    238     43     24     96     82     45     77     99     15      6    161     33    359    194     12 
radish            1605   1847   2872   4339    575   3839   3607   3967   6771    732  10440   7739   1021     15    962   4900    281   3012   7101   3451    625   5468  10101   1251    664    566   2041     23    977    704   1153  14585   3493   2962   3567   4629   1366    951   5708   1864   4165   1782   1323   4018   2157   1514   3663   2474    734    406   4399   1984   5418   9597   6216   5017   5422   1986   2694   2641 
raisin             464    256    144    148     39    345     88    172    154    388      2    254    332     37     97    300    656    210    158    462    151    195     49    242    477    100    183    407    597    203    103     13      2     37    311     79    105     74    173    365    339     20    538    159    400     99    216    244    105    461     48     44    366    256     61    263    222     22     89    280 
raspberry          402   1421   2023    568   2535    773    909   1352    974   1632    163    142    889    544   1603    554    224    408    624     86   2250   1231    404   1264    123   2410   1432    616    358     69   2788    152   1174   2369   1318   2135    998   1021   1064   1219     68   2150    294   1287    666   1881    298    187    897    635    398    628    645     80     66   1326    340   3000   1720    135 
rhubarb           2142    797   1137   3526   2038    360   3408   1356   1093    245   1206    251   2082   5906   2973   1759    115   3448   1381   1305   2125    530    418   1938   3165   1163   1873   2551      7   4887   1389    206   3147   1088    376    837   4393   4655    220    753   1719   2189   1609   2236    521   2544   3849   3670   4500   1059   3680   4328     62    197   3165    522   1243   1290   1614   2678 
rosemary          3172   1763    937   1025    394   2434    573   1034   1099   2426      5   1972   2049    317    644   2143   4317   1530   1018   3041   1143   1312    325   1564   3196    728   1198   2735   3902   1614    667     93     34    362   2305    440    777    537   1327   2216   2074    112   3782   1095   2817    676   1536   1331    678   3236    328    277   2738   1810    557   1644   1672    224    769   2006 
rutabaga            67    213    278     90    362    108    109    187    121    221     20     20    130     76    225     85     26     58     86      5    335    169     57    185     16    308    177     88     40      8    369     10    170    332    172    272    136    160    128    168      7    273     48    188     77    244     39     25    121     89     51    111     92     14     12    173     43    431    219     31 
sage                11     51     69     22     89     29     37     46     31     43      5      2     28     20     42     25     13     11     14      6     89     44     14     44      4     91     37     11     12      3     84      4     47     75     49     73     32     38     35     38      2     76     14     41     24     72     13      6     26     14     14     22     27      2      3     31     12    100     60      7 
scallion          4105   1609   2231   6969   3754    725   6575   2516   2024    489   2312    539   4081  11395   5666   3216    182   6708   2769   2358   3758   1002    872   3825   6274   2176   3595   4765     16   8921   2605    396   6179   2083    720   1591   8703   8825    422   1526   3213   4426   3003   4222   1017   5055   7473   6963   8655   2077   6971   8411    105    432   6279   1020   2321   2573   2935   5046 
spinach            327    426    567    852     97    720    816    830   1369    126   2223   1602    207      3    177   1011     70    598   1332    699    131   1073   1958    236    151    105    387      5    204    133    222   3037    666    596    717    987    271    197   1186    362    809    334    262    857    440    303    709    446    179     75    885    422   1112   1881   1236    937   1081    399    525    521 
strawberry         158    495    684    230    827    268    271    433    339    525     56     40    355    189    493    199     90    117    209     20    795    431    125    395     42    808    478    207    121     27    869     65    413    834    413    664    329    347    382    404     27    698     86    408    219    612     99     67    302    233    116    230    244     34     14    441    116   1002    517     51 
tamarind           365   1213   1645    590   2126    658    661   1103    826   1395    156    103    788    430   1269    485    192    311    505     70   1988   1001    350   1058     97   1947   1179    486    277     67   2381    142   1052   2002   1117   1718    798    894    878    976     48   1803    228   1072    530   1496    248    134    749    532    304    570    556     55     77   1037    261   2608   1463    118 
tangerine         2764   1105   1569   4648   2663    531   4510   1773   1402    379   1620    344   2791   7735   3777   2178    118   4554   1818   1644   2635    669    541   2636   4165   1499   2520   3255     11   6172   1787    248   4188   1478    532   1097   5884   6034    260   1068   2237   2978   2178   2896    735   3540   5183   4742   5953   1430   4669   5692     92    271   4165    678   1610   1791   1965   3438 
thyme             6200   3561   1938   1952    794   4937   1159   2053   2117   4894     14   3839   4013    641   1231   4136   8468   2905   2013   6021   2293   2565    677   3096   6404   1450   2305   5556   7747   3164   1273    196     57    722   4499    859   1557   1047   2515   4622   4333    251   7429   2010   5601   1307   2850   2571   1281   6419    649    484   5485   3623   1054   3342   3342    432   1490   3981 
tomato             307    369    563    902    124    808    754    831   1358    156   2257   1556    226      1    186   1017     68    666   1439    717    133   1155   2029    275    128    144    438      2    216    152    221   2999    703    606    733   1038    292    190   1156    367    874    377    279    856    427    312    752    519    146     81    877    430   1169   2033   1225    991   1127    409    509    562 
turnip             756    824   1407   2084    281   1806   1726   1973   3339    356   5006   3788    497      7    436   2421    133   1464   3271   1608    322   2752   4953    616    312    312   1068      3    484    320    561   6966   1663   1400   1654   2300    677    459   2721    903   1935    804    654   2046   1021    774   1862   1175    338    196   2154    948   2744   4634   2943   2419   2691    941   1309   1252 
wasabi              13     22     40     17     45     16     21     31     26     34      5      2     22      4     42      8      5     12     16      2     61     32      7     23      4     42     30     16      7      0     60      0     23     53     20     50     19     22     13     15      0     46      8     33     11     41      2      2     14     17     14     14     22      3      3     27      5     58     42      0 
watercress          68     84    111    201     24    158    168    180    300     25    431    345     38      1     41    202      8    133    259    147     21    257    436     56     27     26     93      3     42     26     47    634    150    124    123    195     53     34    270     90    175     75     51    170     76     62    158     97     25     11    191     98    248    383    312    221    218     92    129    113 
watermelon        2762   1124   1469   4570   2494    508   4354   1672   1430    349   1478    385   2710   7582   3763   2181    133   4600   1734   1586   2554    680    582   2555   4210   1439   2451   3189      6   6135   1784    279   4278   1375    496   1025   5787   5927    268   1094   2123   2942   2019   2863    668   3446   5114   4679   5788   1357   4629   5754     78    309   4199    706   1555   1681   1915   3498 
yam                128    449    647    178    780    222    266    437    300    526     54     31    302    180    469    179     88    125    229     25    731    385    128    372     32    750    443    190     98     20    828     42    323    791    410    645    319    295    343    368     17    628     98    423    216    584     96     51    262    230    103    197    222     28     23    391    107    933    510     48 
zucchini           941    358    495   1605    865    188   1500    593    472    133    482    122    946   2506   1183    723     47   1480    592    521    860    220    167    902   1412    489    803   1060      6   1971    595     93   1474    466    182    356   1899   1989     84    333    752    944    729    960    233   1120   1701   1618   1952    478   1625   1894     25     97   1496    224    558    527    650   1084 
